1111111111111111111111111111
1000000000000000000010000111
1011111111111111111010000111
1000000000000000000010000111
1011111110111111111010000111
1000000010000000000011111111
1110111111111111011111111111
1000111000000000000000000111
1010000011111111111111110111
1011111110000010001000110111
1000000000111000100010000111
1011111111101011111111110111
1000000000001000000000000111
1011111111111011111111110111
1000000000000000000000000111
1111111111111111111111111111
0000000000000000000000000000
0000000000000000000000000000
0000000000000000000000000000
0000000000000000000000000000
0000000000000000000000000000
0000000000000000000000000000